0 1900
1 2124
2 2170
3 2021
4 1725
5 1355
6 990
7 732
8 618
9 706
10 948
11 1314
12 1681
13 1976
14 2104
15 2049
16 1813
17 1475
18 1111
19 820
20 694
21 733
22 927
23 1286
24 1683
25 2033
26 2235
27 2224
28 2005
29 1653
30 1251
31 879
32 648
33 573
34 731
35 1014
36 1402
37 1769
38 2030
39 2113
40 1989
41 1694
42 1323
43 954
44 716
45 617
46 717
47 975
48 1370
49 1774
50 2090
51 2236
52 2160
53 1892
54 1505
55 1090
56 762
57 566
58 583
59 789
60 1123
61 1510
62 1855
63 2059
64 2081
65 1905
66 1570
67 1207
68 872
69 685
70 646
71 777
72 1066
73 1448
74 1810
75 2063
76 2131
77 1997
78 1701
79 1322
80 945
81 690
82 567
83 649
84 868
85 1212
86 1559
87 1835
88 1965
89 1908
90 1674
91 1342
92 988
93 742
94 593
95 628
96 814
97 1122
98 1474
99 1783
100 1956
101 1960
102 1790
103 1483
104 1137
105 844
106 679
107 633
108 758
109 995
110 1322
111 1627
112 1833
113 1903
114 1792
115 1553
116 1259
117 964
118 778
119 714
120 781
121 979
122 1273
123 1561
124 1786
125 1891
126 1838
127 1644
128 1371
129 1083
130 858
131 755
132 770
133 904
134 1141
135 1408
136 1654
137 1787
138 1782
139 1665
140 1458
141 1218
142 994
143 878
144 871
145 974
146 1176
147 1403
148 1612
149 1764
150 1807
151 1727
152 1543
153 1319
154 1100
155 935
156 869
157 913
158 1055
159 1256
160 1454
161 1615
162 1689
163 1665
164 1540
165 1367
166 1181
167 1038
168 973
169 992
170 1100
171 1267
172 1439
173 1602
174 1709
175 1726
176 1667
177 1524
178 1361
179 1215
180 1106
181 1076
182 1135
183 1265
184 1420
185 1583
186 1694
187 1743
188 1715
189 1618
190 1485
191 1341
192 1238
193 1170
194 1172
195 1232
196 1320
197 1426
198 1517
199 1563
200 1555
201 1489
202 1379
203 1237
204 1112
205 1025
206 992
207 1020
208 1105
209 1218
210 1335
211 1428
212 1478
213 1471
214 1418
215 1319
216 1214
217 1115
218 1050
219 1033
220 1058
221 1121
222 1214
223 1303
224 1367
225 1390
226 1362
227 1290
228 1184
229 1080
230 983
231 935
232 942
233 993
234 1083
235 1197
236 1295
237 1362
238 1376
239 1340
240 1269
241 1164
242 1058
243 977
244 935
245 943
246 1001
247 1100
248 1214
249 1308
250 1367
251 1368
252 1316
253 1223
254 1107
255 1000
256 932
257 921
258 966
259 1065
260 1198
261 1329
262 1421
263 1454
264 1433
265 1354
266 1228
267 1092
268 965
269 894
270 884
271 937
272 1051
273 1198
274 1325
275 1398
276 1406
277 1346
278 1228
279 1080
280 953
281 870
282 862
283 928
284 1064
285 1236
286 1399
287 1517
288 1565
289 1518
290 1407
291 1240
292 1062
293 921
294 849
295 866
296 963
297 1133
298 1326
299 1474
300 1554
301 1541
302 1442
303 1285
304 1090
305 932
306 852
307 864
308 962
309 1139
310 1343
311 1523
312 1646
313 1657
314 1548
315 1371
316 1149
317 935
318 791
319 748
320 801
321 952
322 1172
323 1389
324 1545
325 1606
326 1532
327 1371
328 1151
329 922
330 770
331 722
332 769
333 926
334 1172
335 1424
336 1628
337 1713
338 1669
339 1500
340 1265
341 983
342 773
343 677
344 674
345 778
346 996
347 1272
348 1493
349 1634
350 1633
351 1484
352 1257
353 974
354 746
355 611
356 596
357 729
358 948
359 1253
360 1511
361 1699
362 1741
363 1627
364 1386
365 1085
366 810
367 631
368 537
369 634
370 830
371 1130
372 1433
373 1660
374 1749
375 1675
376 1457
377 1159
378 860
379 635
380 548
381 628
382 822
383 1129
384 1454
385 1726
386 1859
387 1817
388 1612
389 1308
390 973
391 711
392 540
393 533
394 697
395 962
396 1293
397 1581
398 1756
399 1769
400 1612
401 1330
402 1000
403 709
404 530
405 496
406 660
407 921
408 1280
409 1608
410 1831
411 1890
412 1761
413 1482
414 1131
415 801
416 562
417 455
418 549
419 784
420 1117
421 1453
422 1710
423 1818
424 1755
425 1521
426 1192
427 836
428 587
429 453
430 506
431 722
432 1034
433 1398
434 1697
435 1850
436 1821
437 1623
438 1300
439 932
440 634
441 438
442 410
443 565
444 843
445 1195
446 1518
447 1726
448 1759
449 1609
450 1315
451 959
452 645
453 431
454 373
455 506
456 774
457 1116
458 1452
459 1700
460 1781
461 1690
462 1433
463 1088
464 755
465 491
466 368
467 420
468 644
469 938
470 1281
471 1551
472 1699
473 1664
474 1461
475 1158
476 824
477 564
478 395
479 404
480 591
481 875
482 1218
483 1509
484 1693
485 1708
486 1553
487 1281
488 947
489 674
490 464
491 412
492 519
493 757
494 1054
495 1355
496 1566
497 1648
498 1552
499 1332
500 1030
501 757
502 536
503 432
504 495
505 703
506 951
507 1255
508 1481
509 1610
510 1577
511 1405
512 1147
513 860
514 647
515 496
516 486
517 623
518 833
519 1099
520 1361
521 1516
522 1555
523 1467
524 1268
525 1002
526 771
527 607
528 535
529 616
530 775
531 1000
532 1254
533 1440
534 1525
535 1491
536 1345
537 1118
538 887
539 727
540 623
541 628
542 736
543 910
544 1143
545 1353
546 1470
547 1497
548 1421
549 1262
550 1037
551 839
552 723
553 673
554 715
555 826
556 1006
557 1216
558 1371
559 1440
560 1427
561 1323
562 1150
563 961
564 810
565 737
566 726
567 783
568 926
569 1110
570 1296
571 1417
572 1460
573 1415
574 1298
575 1118
576 935
577 788
578 725
579 728
580 791
581 929
582 1102
583 1271
584 1373
585 1392
586 1339
587 1219
588 1051
589 896
590 788
591 747
592 766
593 862
594 1025
595 1218
596 1374
597 1464
598 1458
599 1370
600 1216
601 1018
602 844
603 735
604 693
605 730
606 828
607 1006
608 1196
609 1351
610 1429
611 1411
612 1307
613 1140
614 947
615 793
616 716
617 708
618 774
619 932
620 1153
621 1363
622 1494
623 1530
624 1453
625 1300
626 1069
627 839
628 680
629 573
630 603
631 735
632 922
633 1167
634 1369
635 1478
636 1477
637 1371
638 1177
639 940
640 759
641 635
642 602
643 710
644 893
645 1172
646 1416
647 1593
648 1646
649 1553
650 1349
651 1062
652 786
653 574
654 458
655 489
656 668
657 905
658 1201
659 1446
660 1591
661 1577
662 1425
663 1187
664 900
665 677
666 508
667 493
668 647
669 885
670 1209
671 1497
672 1696
673 1735
674 1606
675 1345
676 1011
677 717
678 469
679 371
680 449
681 691
682 988
683 1330
684 1589
685 1711
686 1668
687 1456
688 1164
689 841
690 598
691 451
692 488
693 701
694 998
695 1361
696 1676
697 1856
698 1845
699 1654
700 1336
701 961
702 651
703 422
704 384
705 542
706 826
707 1190
708 1541
709 1780
710 1849
711 1725
712 1449
713 1097
714 770
715 530
716 441
717 560
718 818
719 1184
720 1570
721 1875
722 2001
723 1920
724 1665
725 1302
726 913
727 632
728 458
729 499
730 731
731 1062
732 1440
733 1773
734 1966
735 1966
736 1766
737 1445
738 1077
739 760
740 572
741 550
742 727
743 1015
